image_id
4204
4205
4206
4207
4208
4209
4210
4211
4219
42582
42583
42594
42595
42778
4325
43581
